0 0.25841346153846156 0.4423076923076923 0.056490384615384616 0.02283653846153846
0 0.3858173076923077 0.44471153846153844 0.15384615384615385 0.03365384615384615
0 0.19230769230769232 0.44591346153846156 0.0625 0.04326923076923077
0 0.3870192307692308 0.4651442307692308 0.15504807692307693 0.02283653846153846
0 0.38822115384615385 0.4891826923076923 0.171875 0.020432692307692308
0 0.2439903846153846 0.5012019230769231 0.026442307692307692 0.08653846153846154
0 0.2776442307692308 0.5036057692307693 0.03245192307692308 0.09495192307692307
0 0.3786057692307692 0.5084134615384616 0.15384615384615385 0.021634615384615384
0 0.3762019230769231 0.5276442307692307 0.15745192307692307 0.018028846153846152
0 0.375 0.5528846153846154 0.15985576923076922 0.021634615384615384
0 0.22956730769230768 0.6021634615384616 0.11298076923076923 0.014423076923076924
0 0.22596153846153846 0.6213942307692307 0.0985576923076923 0.019230769230769232
0 0.23197115384615385 0.6394230769230769 0.10336538461538461 0.025240384615384616
0 0.21514423076923078 0.6610576923076923 0.09975961538461539 0.02283653846153846
0 0.2127403846153846 0.6826923076923077 0.10576923076923077 0.018028846153846152
0 0.21394230769230768 0.7055288461538461 0.1045673076923077 0.019230769230769232